[12 12 18 12 18 18 12 18 16 16 18 18 19 18 12 12 19 18 18 10 18 18 18 19
 12 18 18 18 18 18 12 18 18 18 18 16 18 18 16 18 18 18 18 18 18 18 12 18
 18 10 18 12 18 12 18 18 12 12 18 18 17 18 18 12 18 18 18 16 16 18 12 12
 12 18 18 18 18 17 18 18 19  3 18 18 16 18 12 16 12 12 16 20 18 18 18 12
 18 18 16 17]
[18 20 18 18 18 18 18 12 18 12 12 19 19 19 18 13 18 18 18 19 18 19 18 18
 12 18 18 18 18 18 16 18 18  6 18 18 17 18 16 18 18 18 18 18 18 18 18 18
  1 18 18 18 18 18 18 12 18 18 16 16 18 16 16 18 18 16 18 18 18 18 18 18
 18 18 16 18 16 18 16 18 18 18 18 16 12 18 18 18 18 18 18 12 18 18 16 18
 16 17 18 10]
[12 18 18 12 18 16 18 18  4 18 19 18 18 18  9 12 12 16 18 18 13 12 18 19
 18  1 19 18 18 16 18 18 19 18 18 17 18 18 16 18 18 18 18 16 18 20 19 20
 18 16 18 10 16 17 18 18 18 18 18 18 18 18 18 18 18 16 12 16 16 16 17 16
 12 18 18 18 20 12 17  4 18 18 18 18 12 18 18 18 16 18 19 18 18 18 16 17
 20 19 19 18]
[16 12 16 16 18 18 18 18 18 18 17 16 18 18 19 12 18 19 12 19 12 12 19 19
 18 19 18 18 18 13 18 18 18 18 12 18 12 18 17 19 17 16 18 16 18 18 20 18
 18 18 16 18 18 18 12 18 18 16 12 18 18 14 16 12 16 18 18 18 18 18 18 18
 18 18 18 18 18 16 18 18 18 18 18  4 18 16 16  7 12 18 12 10 18  1 18 18
 18 20  1  1]
[12 18 18 18  6 18 18 18  6 18 18 18 19 18 18 13 18 12 18 18 19 18 10 19
 16 18 12 17 16 18 18 16 18 16 17 18  9 18 18 18 18 12 16 16 18 12 18 18
 12 18 18 18 18 18 14 16 18 16 18 18 19 18 12 16 18 18 18 18 18 18 18 18
 17 18 18 18 18 18 12 18 12 12 12 18 18 18 16 16 17 18 12 12 12 19 18 18
 18 18 19 16]
[18 18 18 18 18 12 18 18 18 12 19 13 20 18 16 18 18 18 12 19 18 19 19 18
 18 19 18 17 18 18 18 18 18 10 16 12 18 18 16 18 12 18 10 16 18 18 18 18
 16 18 18 18 18 16 18 18 18 18 18 18 16 18 18 18 17 19 18 18 18 18 18 18
 18 18  4 18 18 18 18 18 18 16 18 20 18  9 18 18 18 18 18 18 18 12 18 10
 18 18 18 18]
[18 18 16 16 19 12 16 16 19 12 18  6 18 12 16 12 18 19 12 19 18 12 12 18
 18 18 18 18 18 18 18 18 12 18 18 18 18 18 18 20 18 18 10 10 12 16 18 18
 16 12 18 12 16 17 18 18 18 12 16 18 18 18 18 12 18 18 12 18 18 18 18 17
 19 14  4 18 12 18 18 16 18 18 18 16 18 16 18 12  2 18 16 18 12 18 18 18
 17 17 19 16]
[12 18 18 18 18 12 12 18 18 12 18 18 12 18 13 10 16 18 18 18 18 12 18 17
 18 18 20 18 18 12 18 18 16 16 16 18 16 18 12 18 16 12 18 18 16 16 16 17
 18 17 18 18 18 18 18 18 18 18 18 16 18 18 18 20 18  4 18 18 18 18 18 18
 18 18 18 16 18 12 16 16 18 18 16 20 18 18 18 18 18 18 12 18 18 16 16 18
 19 18 18 18]
[18 18 18 18 18 10 12  9 18 16 18 18 18 12 18 18 18 19 20 18 18 18 12 16
 18 19 18 18 17 17 18 18 12 18  7 18 18 16 12 16 16 18 18 18 18 18 18 18
 18 12 18 16 12 18 18 12 18 18 18 12 18 18 16 18 18 16 18 18  9 12 18 18
 18 20  2 18 12 18 18 18 18 16 18 18 18 17 16 17 16  6 18 18 16 16 18 18
  1 18 12 18]
[16 12 18  9 18 18 17 18 12 18  6 19 18 12 18 18  3 18 12 18 18 18 18 18
 18 18 18 16 12 12 18 18 12 12 18 18 17 18 18 18 12 10 18  7 16 17 18 16
 16 18 18 18 18  3 18 18 16 18 18 18 18 18 18 16 14 18 12 17 18 18 18 18
 18 16 12 18 18 20 16 18  4 18 18 18 16 16 18 18 18 18 18 16 16 18  1 18
 18 18 19]
